======== Results summary ========
Metrics:    |   MAE  |   NMAE  |   RMSE  |   MRE  |   NPRE  
[Average]
density=0.05: 26.0401  0.5483  60.1034  0.6101  8.5020
density=0.10: 21.9952  0.4627  53.6944  0.4794  7.7776
density=0.15: 20.0911  0.4226  49.9408  0.4171  7.4191
density=0.20: 18.6256  0.3918  47.3247  0.3701  6.9264

[Standard deviation (std)]
density=0.05: 0.0734  0.0011  0.0425  0.0061  0.0535
density=0.10: 0.0855  0.0021  0.2422  0.0038  0.1209
density=0.15: 0.0543  0.0013  0.2074  0.0032  0.0908
density=0.20: 0.0190  0.0001  0.1106  0.0021  0.0336

======== Detailed results ========
[density=0.05,  3 rounds]
25.9367  0.5467  60.0622  0.6034  8.4357
26.0840  0.5487  60.1620  0.6181  8.5037
26.0996  0.5493  60.0861  0.6089  8.5667

[density=0.10,  3 rounds]
22.0164  0.4634  53.9299  0.4779  7.8054
21.8816  0.4599  53.7918  0.4756  7.6176
22.0877  0.4649  53.3613  0.4846  7.9099

[density=0.15,  3 rounds]
20.1610  0.4240  50.1739  0.4201  7.3571
20.0285  0.4208  49.9784  0.4127  7.3527
20.0838  0.4229  49.6700  0.4186  7.5475

[density=0.20,  3 rounds]
18.6414  0.3919  47.3220  0.3711  6.8879
18.6365  0.3917  47.4615  0.3672  6.9215
18.5988  0.3918  47.1905  0.3719  6.9696

