======== Results summary ========
Metrics:    |   MAE  |   NMAE  |   RMSE  |   MRE  |   NPRE  
[Average]
density=0.05: 0.6805  0.7507  1.5075  0.5923  4.6342
density=0.10: 0.6572  0.7240  1.4777  0.5765  4.4587
density=0.15: 0.5670  0.6246  1.3860  0.4417  3.4412
density=0.20: 0.4955  0.5459  1.3180  0.3231  2.5287

[Standard deviation (std)]
density=0.05: 0.0003  0.0004  0.0026  0.0018  0.0288
density=0.10: 0.0004  0.0005  0.0021  0.0028  0.0345
density=0.15: 0.0010  0.0011  0.0014  0.0017  0.0043
density=0.20: 0.0032  0.0033  0.0076  0.0009  0.0148

======== Detailed results ========
[density=0.05,  3 rounds]
0.6803  0.7501  1.5111  0.5900  4.5935
0.6809  0.7509  1.5055  0.5946  4.6526
0.6804  0.7510  1.5058  0.5923  4.6565

[density=0.10,  3 rounds]
0.6569  0.7234  1.4771  0.5733  4.4465
0.6578  0.7244  1.4805  0.5800  4.4239
0.6570  0.7242  1.4753  0.5761  4.5057

[density=0.15,  3 rounds]
0.5673  0.6245  1.3873  0.4402  3.4360
0.5681  0.6260  1.3867  0.4441  3.4411
0.5656  0.6233  1.3841  0.4409  3.4464

[density=0.20,  3 rounds]
0.4984  0.5487  1.3266  0.3222  2.5321
0.4970  0.5477  1.3193  0.3244  2.5450
0.4911  0.5414  1.3080  0.3226  2.5091

