======== Results summary ========
Metrics:    |   MAE  |   NMAE  |   RMSE  |   MRE  |   NPRE  
[Average]
density=0.05: 0.6045  0.6668  1.3996  0.5624  4.9581
density=0.10: 0.5336  0.5879  1.3138  0.4975  3.9533
density=0.15: 0.4879  0.5374  1.2559  0.4499  3.4214
density=0.20: 0.4601  0.5068  1.2170  0.4182  3.0694

[Standard deviation (std)]
density=0.05: 0.0021  0.0021  0.0023  0.0033  0.0617
density=0.10: 0.0017  0.0017  0.0040  0.0037  0.0326
density=0.15: 0.0008  0.0011  0.0033  0.0021  0.0155
density=0.20: 0.0010  0.0009  0.0031  0.0013  0.0161

======== Detailed results ========
[density=0.05,  3 rounds]
0.6035  0.6654  1.4019  0.5618  4.8880
0.6074  0.6698  1.4005  0.5668  5.0381
0.6026  0.6652  1.3965  0.5588  4.9483

[density=0.10,  3 rounds]
0.5329  0.5868  1.3124  0.4942  3.9072
0.5360  0.5903  1.3192  0.5026  3.9745
0.5320  0.5865  1.3097  0.4958  3.9781

[density=0.15,  3 rounds]
0.4869  0.5360  1.2522  0.4512  3.4000
0.4888  0.5387  1.2603  0.4515  3.4362
0.4879  0.5377  1.2553  0.4469  3.4280

[density=0.20,  3 rounds]
0.4612  0.5078  1.2162  0.4188  3.0914
0.4602  0.5072  1.2212  0.4195  3.0632
0.4587  0.5056  1.2137  0.4164  3.0535

