======== Results summary ========
Metrics:    |   MAE  |   NMAE  |   RMSE  |   MRE  |   NPRE  
[Average]
density=0.05: 0.6159  0.6794  1.4261  0.5800  5.0203
density=0.10: 0.5371  0.5917  1.3361  0.5057  3.8348
density=0.15: 0.4966  0.5471  1.2848  0.4628  3.3727
density=0.20: 0.4737  0.5219  1.2506  0.4372  3.0978

[Standard deviation (std)]
density=0.05: 0.0025  0.0026  0.0020  0.0038  0.0709
density=0.10: 0.0019  0.0020  0.0042  0.0037  0.0424
density=0.15: 0.0010  0.0014  0.0034  0.0023  0.0169
density=0.20: 0.0007  0.0006  0.0028  0.0011  0.0169

======== Detailed results ========
[density=0.05,  3 rounds]
0.6146  0.6777  1.4278  0.5783  4.9464
0.6194  0.6831  1.4272  0.5852  5.1159
0.6138  0.6775  1.4233  0.5764  4.9987

[density=0.10,  3 rounds]
0.5363  0.5905  1.3353  0.5027  3.7791
0.5398  0.5944  1.3416  0.5108  3.8818
0.5353  0.5901  1.3315  0.5035  3.8434

[density=0.15,  3 rounds]
0.4954  0.5453  1.2810  0.4645  3.3520
0.4977  0.5485  1.2892  0.4644  3.3934
0.4968  0.5475  1.2843  0.4595  3.3728

[density=0.20,  3 rounds]
0.4746  0.5225  1.2495  0.4375  3.1211
0.4739  0.5222  1.2545  0.4383  3.0906
0.4728  0.5211  1.2478  0.4357  3.0817

