======== Results summary ========
Metrics:    |   MAE  |   NMAE  |   RMSE  |   MRE  |   NPRE  
[Average]
density=0.05: 26.8039  0.5643  61.2302  0.6264  8.9836
density=0.10: 22.2826  0.4688  54.5704  0.4802  8.0190
density=0.15: 20.0274  0.4212  50.8622  0.4081  7.2939
density=0.20: 18.6890  0.3931  48.5600  0.3702  6.6626

[Standard deviation (std)]
density=0.05: 0.1003  0.0017  0.0229  0.0083  0.0863
density=0.10: 0.1035  0.0025  0.2533  0.0045  0.1490
density=0.15: 0.0606  0.0015  0.2101  0.0032  0.1111
density=0.20: 0.0090  0.0006  0.1129  0.0016  0.0592

======== Detailed results ========
[density=0.05,  3 rounds]
26.6620  0.5620  61.2034  0.6165  8.8651
26.8743  0.5653  61.2592  0.6368  9.0181
26.8755  0.5657  61.2279  0.6259  9.0678

[density=0.10,  3 rounds]
22.3054  0.4695  54.8389  0.4783  8.0466
22.1459  0.4654  54.6415  0.4759  7.8243
22.3964  0.4714  54.2308  0.4864  8.1861

[density=0.15,  3 rounds]
20.0979  0.4227  51.1143  0.4111  7.2267
19.9500  0.4191  50.8722  0.4037  7.2045
20.0342  0.4219  50.6000  0.4095  7.4505

[density=0.20,  3 rounds]
18.6787  0.3927  48.5448  0.3708  6.5947
18.6876  0.3928  48.7052  0.3680  6.6542
18.7006  0.3939  48.4299  0.3719  6.7389

