======== Results summary ========
Metrics:    |   MAE  |   NMAE  |   RMSE  |   MRE  |   NPRE  
[Average]
density=0.05: 29.5539  0.6222  66.8661  0.5909  5.1321
density=0.10: 29.4531  0.6196  65.8480  0.5859  5.4591
density=0.15: 30.1322  0.6338  65.8041  0.5592  6.7376
density=0.20: 27.5450  0.5794  62.2568  0.4856  6.1244

[Standard deviation (std)]
density=0.05: 0.1730  0.0042  0.1784  0.0026  0.0748
density=0.10: 0.0617  0.0013  0.0606  0.0015  0.0168
density=0.15: 0.0287  0.0000  0.1284  0.0009  0.0079
density=0.20: 0.1910  0.0035  0.3350  0.0012  0.0693

======== Detailed results ========
[density=0.05,  3 rounds]
29.7895  0.6279  67.1147  0.5944  5.2351
29.3791  0.6180  66.7046  0.5899  5.0600
29.4933  0.6208  66.7790  0.5883  5.1011

[density=0.10,  3 rounds]
29.3776  0.6184  65.8017  0.5844  5.4797
29.4528  0.6190  65.9335  0.5853  5.4385
29.5288  0.6215  65.8087  0.5880  5.4592

[density=0.15,  3 rounds]
30.1320  0.6337  65.8097  0.5579  6.7314
30.1674  0.6338  65.9586  0.5597  6.7488
30.0971  0.6338  65.6441  0.5600  6.7326

[density=0.20,  3 rounds]
27.6095  0.5804  62.2421  0.4855  6.1982
27.7398  0.5830  62.6742  0.4871  6.1432
27.2855  0.5748  61.8539  0.4841  6.0317

