======== Results summary ========
Metrics:    |   MAE  |   NMAE  |   RMSE  |   MRE  |   NPRE  
[Average]
density=0.05: 0.5255  0.5797  1.4032  0.3890  2.3861
density=0.10: 0.4735  0.5216  1.3065  0.3402  2.0082
density=0.15: 0.4462  0.4916  1.2518  0.3143  1.8613
density=0.20: 0.4291  0.4727  1.2182  0.2963  1.7656

[Standard deviation (std)]
density=0.05: 0.0007  0.0007  0.0044  0.0008  0.0331
density=0.10: 0.0010  0.0013  0.0053  0.0015  0.0544
density=0.15: 0.0006  0.0009  0.0053  0.0012  0.0300
density=0.20: 0.0013  0.0014  0.0013  0.0009  0.0156

======== Detailed results ========
[density=0.05,  3 rounds]
0.5250  0.5788  1.4083  0.3884  2.3433
0.5265  0.5806  1.4037  0.3886  2.3911
0.5251  0.5796  1.3976  0.3902  2.4240

[density=0.10,  3 rounds]
0.4738  0.5217  1.3063  0.3395  1.9751
0.4721  0.5199  1.3131  0.3388  1.9647
0.4746  0.5232  1.3000  0.3422  2.0850

[density=0.15,  3 rounds]
0.4455  0.4904  1.2515  0.3126  1.8197
0.4468  0.4924  1.2584  0.3150  1.8749
0.4463  0.4919  1.2454  0.3152  1.8894

[density=0.20,  3 rounds]
0.4304  0.4738  1.2188  0.2962  1.7505
0.4272  0.4708  1.2194  0.2953  1.7592
0.4296  0.4736  1.2163  0.2974  1.7871

