======== Results summary ========
Metrics:    |   MAE  |   NMAE  |   RMSE  |   MRE  |   NPRE  
[Average]
density=0.05: 21.0512  0.4432  54.9998  0.4526  2.4860
density=0.10: 17.2567  0.3630  48.1249  0.3547  1.9468
density=0.15: 15.9693  0.3359  45.7273  0.3155  1.7542
density=0.20: 15.5798  0.3277  44.7239  0.3049  1.7297

[Standard deviation (std)]
density=0.05: 0.0748  0.0019  0.0552  0.0027  0.0241
density=0.10: 0.1288  0.0026  0.3349  0.0040  0.0122
density=0.15: 0.0659  0.0011  0.1697  0.0016  0.0028
density=0.20: 0.1311  0.0027  0.1099  0.0033  0.0234

======== Detailed results ========
[density=0.05,  3 rounds]
21.1569  0.4460  55.0767  0.4558  2.5194
20.9977  0.4417  54.9728  0.4526  2.4632
20.9989  0.4420  54.9499  0.4492  2.4755

[density=0.10,  3 rounds]
17.3523  0.3653  48.2822  0.3591  1.9611
17.3432  0.3645  48.4333  0.3555  1.9478
17.0747  0.3594  47.6594  0.3494  1.9313

[density=0.15,  3 rounds]
15.9648  0.3358  45.7457  0.3141  1.7577
16.0523  0.3372  45.9254  0.3177  1.7542
15.8910  0.3346  45.5108  0.3146  1.7508

[density=0.20,  3 rounds]
15.7565  0.3313  44.8791  0.3092  1.7608
15.4431  0.3246  44.6526  0.3011  1.7045
15.5396  0.3273  44.6399  0.3045  1.7238

