======== Results summary ========
Metrics:    |   MAE  |   NMAE  |   RMSE  |   MRE  |   NPRE  
[Average]
density=0.05: 0.5518  0.6087  1.4799  0.4873  2.0212
density=0.10: 0.4891  0.5388  1.2982  0.4335  2.3601
density=0.15: 0.4756  0.5239  1.2277  0.4404  2.7072
density=0.20: 0.4877  0.5373  1.1958  0.4862  3.2190

[Standard deviation (std)]
density=0.05: 0.0010  0.0008  0.0054  0.0017  0.0306
density=0.10: 0.0010  0.0013  0.0038  0.0012  0.0785
density=0.15: 0.0011  0.0014  0.0017  0.0023  0.0352
density=0.20: 0.0112  0.0125  0.0049  0.0225  0.1565

======== Detailed results ========
[density=0.05,  3 rounds]
0.5530  0.6097  1.4865  0.4849  1.9779
0.5517  0.6085  1.4801  0.4886  2.0445
0.5506  0.6078  1.4733  0.4883  2.0411

[density=0.10,  3 rounds]
0.4878  0.5372  1.3012  0.4328  2.2653
0.4896  0.5391  1.3008  0.4326  2.3577
0.4901  0.5402  1.2928  0.4353  2.4575

[density=0.15,  3 rounds]
0.4750  0.5228  1.2289  0.4384  2.6880
0.4772  0.5258  1.2289  0.4437  2.7565
0.4747  0.5232  1.2253  0.4391  2.6769

[density=0.20,  3 rounds]
0.4792  0.5276  1.1914  0.4682  3.0875
0.4804  0.5294  1.1934  0.4724  3.1305
0.5035  0.5550  1.2026  0.5179  3.4390

