======== Results summary ========
Metrics:    |   MAE  |   NMAE  |   RMSE  |   MRE  |   NPRE  
[Average]
density=0.05: 22.5499  0.4748  57.9194  0.4563  2.6374
density=0.10: 17.9761  0.3782  48.6931  0.3643  2.1168
density=0.15: 16.5358  0.3478  45.5234  0.3240  1.9284
density=0.20: 15.0594  0.3168  42.6169  0.3017  1.7482

[Standard deviation (std)]
density=0.05: 0.3185  0.0069  0.7192  0.0028  0.0101
density=0.10: 0.1983  0.0044  0.3769  0.0054  0.0221
density=0.15: 0.0618  0.0013  0.1913  0.0034  0.0036
density=0.20: 0.0936  0.0017  0.2426  0.0004  0.0139

======== Detailed results ========
[density=0.05,  3 rounds]
22.6899  0.4783  58.0500  0.4578  2.6325
22.1092  0.4651  56.9805  0.4523  2.6282
22.8507  0.4810  58.7276  0.4587  2.6514

[density=0.10,  3 rounds]
18.2433  0.3840  49.2102  0.3708  2.1361
17.7685  0.3734  48.5468  0.3575  2.0858
17.9165  0.3771  48.3224  0.3646  2.1285

[density=0.15,  3 rounds]
16.4496  0.3460  45.4139  0.3198  1.9312
16.5912  0.3486  45.7924  0.3243  1.9308
16.5667  0.3489  45.3639  0.3280  1.9233

[density=0.20,  3 rounds]
15.1152  0.3178  42.6047  0.3021  1.7679
15.1353  0.3181  42.9199  0.3018  1.7394
14.9276  0.3144  42.3261  0.3011  1.7373

