======== Results summary ========
Metrics:    |   MAE  |   NMAE  |   RMSE  |   MRE  |   NPRE  
[Average]
density=0.05: 0.5704  0.6292  1.5350  0.5144  1.8362
density=0.10: 0.4894  0.5391  1.3181  0.4309  2.2322
density=0.15: 0.4584  0.5050  1.2277  0.4112  2.2995
density=0.20: 0.4390  0.4837  1.1735  0.4004  2.2696

[Standard deviation (std)]
density=0.05: 0.0011  0.0011  0.0054  0.0023  0.0226
density=0.10: 0.0013  0.0012  0.0035  0.0003  0.0097
density=0.15: 0.0009  0.0010  0.0019  0.0003  0.0137
density=0.20: 0.0030  0.0031  0.0019  0.0028  0.0359

======== Detailed results ========
[density=0.05,  3 rounds]
0.5719  0.6305  1.5426  0.5111  1.8055
0.5693  0.6278  1.5316  0.5161  1.8595
0.5700  0.6291  1.5308  0.5160  1.8436

[density=0.10,  3 rounds]
0.4899  0.5395  1.3197  0.4311  2.2202
0.4907  0.5404  1.3214  0.4305  2.2440
0.4876  0.5375  1.3133  0.4311  2.2322

[density=0.15,  3 rounds]
0.4586  0.5048  1.2273  0.4114  2.3027
0.4594  0.5063  1.2301  0.4108  2.3143
0.4572  0.5039  1.2256  0.4115  2.2813

[density=0.20,  3 rounds]
0.4412  0.4857  1.1738  0.4021  2.2885
0.4411  0.4861  1.1756  0.4025  2.3010
0.4349  0.4793  1.1711  0.3965  2.2193

