======== Results summary ========
Metrics:    |   MAE  |   NMAE  |   RMSE  |   MRE  |   NPRE  
[Average]
density=0.05: 19.4043  0.4085  55.2416  0.3295  2.5080
density=0.10: 15.6509  0.3293  47.7549  0.2494  1.7292
density=0.15: 14.3058  0.3009  44.7482  0.2221  1.4839
density=0.20: 13.5797  0.2857  42.9198  0.2102  1.3668

[Standard deviation (std)]
density=0.05: 0.1035  0.0025  0.1098  0.0042  0.0292
density=0.10: 0.0338  0.0005  0.1919  0.0016  0.0124
density=0.15: 0.0851  0.0015  0.2893  0.0003  0.0057
density=0.20: 0.0234  0.0006  0.1247  0.0005  0.0042

======== Detailed results ========
[density=0.05,  3 rounds]
19.5424  0.4119  55.3954  0.3264  2.5349
19.3775  0.4076  55.1836  0.3354  2.5217
19.2931  0.4061  55.1459  0.3266  2.4674

[density=0.10,  3 rounds]
15.6290  0.3290  47.6816  0.2472  1.7192
15.6987  0.3299  48.0178  0.2506  1.7216
15.6251  0.3289  47.5653  0.2505  1.7467

[density=0.15,  3 rounds]
14.2801  0.3003  44.6839  0.2218  1.4768
14.4204  0.3030  45.1302  0.2220  1.4842
14.2168  0.2994  44.4304  0.2225  1.4907

[density=0.20,  3 rounds]
13.5498  0.2849  42.7778  0.2105  1.3630
13.6069  0.2860  43.0813  0.2095  1.3647
13.5825  0.2861  42.9002  0.2105  1.3726

