======== Results summary ========
Metrics:    |   MAE  |   NMAE  |   RMSE  |   MRE  |   NPRE  
[Average]
density=0.05: 18.5121  0.3898  52.7781  0.3290  2.3347
density=0.10: 15.1752  0.3193  46.1411  0.2540  1.6926
density=0.15: 13.9855  0.2942  43.5442  0.2285  1.4885
density=0.20: 13.3388  0.2806  41.9155  0.2173  1.4104

[Standard deviation (std)]
density=0.05: 0.1016  0.0024  0.1184  0.0028  0.0268
density=0.10: 0.0526  0.0009  0.2262  0.0004  0.0096
density=0.15: 0.0873  0.0016  0.2473  0.0010  0.0041
density=0.20: 0.0043  0.0003  0.0981  0.0012  0.0050

======== Detailed results ========
[density=0.05,  3 rounds]
18.6523  0.3932  52.9441  0.3295  2.3561
18.4694  0.3885  52.6761  0.3322  2.3511
18.4148  0.3876  52.7140  0.3253  2.2970

[density=0.10,  3 rounds]
15.1619  0.3192  46.0966  0.2535  1.6800
15.2453  0.3204  46.4377  0.2545  1.6947
15.1184  0.3182  45.8890  0.2542  1.7033

[density=0.15,  3 rounds]
13.9697  0.2938  43.5179  0.2276  1.4827
14.0994  0.2962  43.8593  0.2299  1.4909
13.8873  0.2924  43.2554  0.2280  1.4918

[density=0.20,  3 rounds]
13.3447  0.2806  41.7993  0.2184  1.4152
13.3346  0.2803  42.0391  0.2156  1.4035
13.3370  0.2809  41.9081  0.2178  1.4125

