======== Results summary ========
Metrics:    |   MAE  |   NMAE  |   RMSE  |   MRE  |   NPRE  
[Average]
density=0.05: 0.5068  0.5591  1.3844  0.3649  2.1654
density=0.10: 0.4560  0.5023  1.2749  0.3279  2.0163
density=0.15: 0.4344  0.4786  1.2219  0.3174  2.0257
density=0.20: 0.4251  0.4683  1.1903  0.3219  2.1072

[Standard deviation (std)]
density=0.05: 0.0006  0.0004  0.0055  0.0009  0.0254
density=0.10: 0.0010  0.0014  0.0043  0.0027  0.0579
density=0.15: 0.0009  0.0013  0.0036  0.0016  0.0273
density=0.20: 0.0027  0.0031  0.0004  0.0062  0.0570

======== Detailed results ========
[density=0.05,  3 rounds]
0.5076  0.5597  1.3912  0.3638  2.1410
0.5067  0.5588  1.3841  0.3660  2.1548
0.5062  0.5587  1.3779  0.3651  2.2004

[density=0.10,  3 rounds]
0.4559  0.5020  1.2754  0.3253  1.9682
0.4547  0.5008  1.2798  0.3268  1.9830
0.4573  0.5041  1.2693  0.3317  2.0978

[density=0.15,  3 rounds]
0.4331  0.4768  1.2213  0.3157  1.9874
0.4353  0.4798  1.2266  0.3195  2.0490
0.4348  0.4792  1.2179  0.3170  2.0408

[density=0.20,  3 rounds]
0.4239  0.4667  1.1899  0.3169  2.0547
0.4225  0.4656  1.1909  0.3183  2.0805
0.4289  0.4727  1.1901  0.3306  2.1864

